Running tournament. This may take awhile.
   	      	                    fitness                    	                      size                     
   	      	-----------------------------------------------	-----------------------------------------------
gen	nevals	avg    	gen	max    	min    	nevals	std    	avg 	gen	max	min	nevals	std    
0  	600   	2720.51	0  	4934.97	1893.49	600   	199.475	4.11	0  	7  	2  	600   	1.70526
1  	524   	2630   	1  	5191.39	1893.49	524   	200.428	4.22167	1  	13 	1  	524   	2.0023 
2  	525   	2593.43	2  	4934.97	1297.85	525   	281.001	4.57167	2  	16 	1  	525   	2.3843 
3  	513   	2568.11	3  	5191.39	940.929	513   	385.919	5.32667	3  	17 	1  	513   	2.55473
4  	525   	2537.88	4  	17797.1	911.304	525   	781.68 	6.235  	4  	19 	1  	525   	2.80591
5  	535   	2543.8 	5  	14349.7	733.856	535   	906.237	7.08833	5  	18 	1  	535   	2.93551
6  	526   	2701.69	6  	75491.9	271.175	526   	3384.12	8.16333	6  	21 	1  	526   	3.52798
7  	531   	3514.55	7  	401966 	67.8677	531   	16748  	9.28333	7  	29 	1  	531   	4.1697 
8  	520   	3232.39	8  	190771 	67.8677	520   	9398.97	10.4583	8  	29 	1  	520   	4.50425
9  	524   	3548.72	9  	168278 	4.26593e-29	524   	9194.41	11.935 	9  	37 	1  	524   	5.47029
10 	520   	7476.1 	10 	1.5639e+06	3.76527e-29	520   	70274.1	13.6267	10 	45 	1  	520   	6.39353
11 	530   	3441.64	11 	158753    	3.76527e-29	530   	10452.8	15.3533	11 	47 	1  	530   	7.10154
12 	521   	17801.4	12 	7.11147e+06	3.76527e-29	521   	291272 	17.4483	12 	47 	1  	521   	7.73352
13 	534   	14445.5	13 	3.28282e+06	2.2569e-29 	534   	148526 	19.48  	13 	63 	1  	534   	8.46736
14 	515   	46857.2	14 	2.41933e+07	2.2569e-29 	515   	987743 	20.775 	14 	64 	1  	515   	8.73753
15 	508   	14541.4	15 	2.50031e+06	2.2569e-29 	508   	119543 	22.34  	15 	54 	1  	508   	8.7621 
16 	530   	9847.06	16 	1.29032e+06	2.2569e-29 	530   	69628  	23.6217	16 	56 	1  	530   	9.5613 
17 	525   	29427.8	17 	7.33911e+06	2.2569e-29 	525   	327592 	24.5617	17 	67 	2  	525   	10.4629
18 	515   	44599.2	18 	8.17232e+06	2.25847e-29	515   	462877 	24.8267	18 	58 	1  	515   	10.4793
19 	523   	16020.7	19 	2.57127e+06	2.2569e-29 	523   	136199 	25.6617	19 	63 	1  	523   	10.2749
20 	520   	35352.2	20 	1.56481e+07	2.2569e-29 	520   	641634 	26.3267	20 	70 	1  	520   	11.1256
21 	526   	103331 	21 	5.84728e+07	2.2569e-29 	526   	2.3851e+06	27.1683	21 	68 	1  	526   	11.4806
22 	537   	28855.1	22 	1.2136e+07 	2.25847e-29	537   	499086    	28.0983	22 	68 	1  	537   	11.9279
23 	518   	18695.7	23 	3.97821e+06	2.25847e-29	518   	191369    	28.835 	23 	75 	1  	518   	12.8419
24 	528   	19602.8	24 	4.11195e+06	2.25847e-29	528   	192374    	29.9567	24 	81 	3  	528   	14.0142
25 	523   	25506  	25 	1.04228e+07	2.16618e-29	523   	429350    	30.8267	25 	81 	1  	523   	13.7677
26 	518   	23939.6	26 	4.73282e+06	2.16618e-29	518   	249957    	32.1217	26 	78 	1  	518   	14.2457
27 	514   	25314.6	27 	4.62642e+06	2.16618e-29	514   	265402    	32.6983	27 	83 	3  	514   	14.1911
28 	532   	10001.4	28 	1.65088e+06	2.16618e-29	532   	81502.4   	34.6067	28 	91 	1  	532   	14.7692
29 	547   	215816 	29 	9.56364e+07	2.2569e-29 	547   	3.93607e+06	35.4167	29 	92 	1  	547   	15.7198
30 	516   	421941 	30 	1.58034e+08	2.2569e-29 	516   	7.22177e+06	35.9667	30 	94 	3  	516   	16.3241
31 	519   	32282.3	31 	6.36314e+06	2.2569e-29 	519   	342340     	36.0883	31 	91 	1  	519   	16.6835
32 	528   	62288.6	32 	1.31137e+07	2.2569e-29 	528   	683153     	37.7917	32 	101	1  	528   	17.0573
33 	512   	35024.6	33 	7.59136e+06	2.2569e-29 	512   	406413     	38.7133	33 	104	2  	512   	18.0536
34 	527   	163438 	34 	6.08382e+07	2.2569e-29 	527   	2.55167e+06	38.855 	34 	117	1  	527   	18.3262
35 	516   	48856  	35 	1.22952e+07	2.2569e-29 	516   	595272     	38.785 	35 	125	3  	516   	17.744 
36 	510   	84463.5	36 	2.93546e+07	2.08163e-29	510   	1.27463e+06	39.56  	36 	101	1  	510   	18.7738
37 	525   	33669.3	37 	9.70263e+06	2.08163e-29	525   	487436     	42.6317	37 	123	1  	525   	19.7195
38 	542   	8396.69	38 	3.12632e+06	2.08163e-29	542   	128603     	43.7283	38 	112	2  	542   	19.5599
39 	510   	201078 	39 	1.11289e+08	2.08163e-29	510   	4.5403e+06 	47.1233	39 	114	1  	510   	20.9248
40 	509   	7645.64	40 	1.36667e+06	2.08163e-29	509   	70478.4    	49.4667	40 	114	1  	509   	21.9679
41 	516   	60869  	41 	2.4091e+07 	2.2569e-29 	516   	1.01845e+06	50.49  	41 	121	1  	516   	22.9155
42 	536   	39613.6	42 	1.01521e+07	2.2569e-29 	536   	485829     	52.2083	42 	116	6  	536   	22.333 
43 	520   	836410 	43 	4.60486e+08	2.2569e-29 	520   	1.88324e+07	53.2367	43 	127	3  	520   	23.143 
44 	507   	44708.1	44 	1.94771e+07	2.2569e-29 	507   	805264     	52.7583	44 	178	1  	507   	24.3606
45 	520   	898793 	45 	4.96703e+08	2.2569e-29 	520   	2.02824e+07	50.6667	45 	125	1  	520   	22.8624
46 	518   	1.84219e+07	46 	1.08577e+10	2.2569e-29 	518   	4.42906e+08	52.02  	46 	166	1  	518   	21.6008
47 	514   	554539     	47 	2.25598e+08	1.31851e-29	514   	9.6752e+06 	52.8833	47 	129	6  	514   	21.4971
48 	520   	4.03831e+06	48 	1.12911e+09	1.31851e-29	520   	6.52269e+07	53.7733	48 	130	2  	520   	21.7759
49 	509   	331201     	49 	1.52717e+08	1.31851e-29	509   	6.28151e+06	55.0767	49 	156	7  	509   	21.3611
50 	523   	760288     	50 	2.62323e+08	1.31851e-29	523   	1.16972e+07	58.75  	50 	156	7  	523   	23.0273
51 	521   	248835     	51 	9.62146e+07	1.31851e-29	521   	4.13039e+06	62.6967	51 	155	6  	521   	24.9562
52 	519   	8.45404e+07	52 	4.62688e+10	1.31851e-29	519   	1.8947e+09 	66.4383	52 	146	1  	519   	24.0615
53 	532   	1.24939e+06	53 	5.46127e+08	1.31851e-29	532   	2.27079e+07	68.04  	53 	158	6  	532   	24.4188
54 	526   	1.79075e+06	54 	3.67843e+08	1.31851e-29	526   	2.15568e+07	71.9033	54 	146	6  	526   	23.6838
55 	516   	1.72093e+10	55 	9.90761e+12	1.31851e-29	516   	4.04469e+11	73.6933	55 	155	1  	516   	24.719 
56 	518   	144585     	56 	8.3172e+07 	1.31851e-29	518   	3.39292e+06	76.915 	56 	161	1  	518   	25.0216
57 	548   	1.35333e+06	57 	7.64987e+08	1.31851e-29	548   	3.12514e+07	77.96  	57 	155	3  	548   	24.7659
58 	532   	183746     	58 	1.08962e+08	1.31851e-29	532   	4.44457e+06	80.0617	58 	153	1  	532   	23.0615
59 	509   	5082.6     	59 	1.74404e+06	1.31851e-29	509   	72121      	80.4833	59 	152	5  	509   	24.2074
60 	526   	5894.71    	60 	964571     	1.31851e-29	526   	59996.8    	82.1017	60 	172	1  	526   	25.2887
61 	542   	6434.66    	61 	2.84456e+06	1.31062e-29	542   	116442     	83.06  	61 	161	3  	542   	26.1726
62 	513   	9737.29    	62 	5.20075e+06	1.31062e-29	513   	212173     	86.2683	62 	171	2  	513   	25.6282
63 	513   	3590.89    	63 	1.05103e+06	1.31062e-29	513   	44416.9    	85.8767	63 	171	6  	513   	26.2866
64 	525   	5228.57    	64 	1.37769e+06	1.31062e-29	525   	59637.1    	85.24  	64 	180	5  	525   	26.3251
65 	520   	3280.26    	65 	543293     	1.31062e-29	520   	28275.7    	87.6183	65 	182	1  	520   	28.5251
66 	530   	6016.11    	66 	1.02488e+06	1.31062e-29	530   	56048.6    	88.7517	66 	187	1  	530   	29.6609
67 	538   	8832.35    	67 	1.216e+06  	1.31062e-29	538   	74611.4    	90.7817	67 	189	6  	538   	29.2431
68 	520   	27322.5    	68 	7.95195e+06	1.31062e-29	520   	413745     	90.2667	68 	209	3  	520   	28.2478
69 	538   	10917      	69 	1.6171e+06 	1.31062e-29	538   	88468.3    	88.6367	69 	183	3  	538   	28.0141
70 	535   	3372.24    	70 	481167     	1.31062e-29	535   	27712.4    	88.3417	70 	183	1  	535   	28.6947
71 	530   	4447.19    	71 	886592     	1.31062e-29	530   	43827.1    	88.145 	71 	212	3  	530   	29.7166
72 	514   	11089.5    	72 	3.92409e+06	1.31062e-29	514   	165089     	87.3833	72 	179	6  	514   	28.4391
73 	512   	6004.87    	73 	1.11482e+06	1.31062e-29	512   	63132.7    	85.16  	73 	175	6  	512   	27.6243
74 	535   	2067.81    	74 	342537     	1.31062e-29	535   	16977.4    	85.4533	74 	191	2  	535   	26.9494
75 	517   	2637.22    	75 	373576     	1.31062e-29	517   	23470.9    	82.375 	75 	177	1  	517   	24.2905
76 	530   	15255      	76 	7.4362e+06 	1.31062e-29	530   	303489     	80.8633	76 	177	1  	530   	25.2039
77 	532   	2155.61    	77 	269334     	1.31062e-29	532   	14914.8    	82.3283	77 	191	1  	532   	25.7444
78 	529   	3484.01    	78 	910592     	1.31062e-29	529   	38694.2    	81.8967	78 	184	6  	529   	24.9402
79 	539   	2642.66    	79 	406494     	1.31062e-29	539   	23811.4    	83.535 	79 	185	6  	539   	26.0798
80 	514   	8125.92    	80 	3.09229e+06	1.31062e-29	514   	127569     	85.5967	80 	195	6  	514   	29.4815
81 	518   	2828.46    	81 	690255     	1.31062e-29	518   	29503.6    	88.6433	81 	194	1  	518   	31.9204
82 	502   	2875.85    	82 	597213     	1.31062e-29	502   	28150.6    	92.7017	82 	204	3  	502   	34.2454
83 	538   	1598.22    	83 	161728     	1.31062e-29	538   	8885.81    	93.22  	83 	222	4  	538   	35.5902
84 	539   	10235.7    	84 	2.95423e+06	1.31062e-29	539   	134715     	97.4667	84 	219	6  	539   	38.2544
85 	521   	3414.89    	85 	526381     	1.31062e-29	521   	31348.4    	101.042	85 	244	6  	521   	41.6478
86 	532   	3791.46    	86 	1.33011e+06	1.31062e-29	532   	56095.4    	103.408	86 	286	5  	532   	43.7354
87 	526   	1146.15    	87 	74969.9    	1.31062e-29	526   	4962.98    	104.982	87 	265	6  	526   	42.4082
88 	525   	2265.06    	88 	335997     	1.31062e-29	525   	19696.7    	106.6  	88 	224	3  	525   	41.5098
89 	522   	129063     	89 	7.68725e+07	1.31062e-29	522   	3.13566e+06	109.857	89 	224	3  	522   	42.0399
90 	522   	2285.66    	90 	360485     	1.31062e-29	522   	18335.7    	113.985	90 	224	1  	522   	41.2147
91 	522   	538326     	91 	3.20893e+08	1.31062e-29	522   	1.30895e+07	119.172	91 	237	3  	522   	40.9555
92 	517   	2231.83    	92 	193169     	1.31062e-29	517   	15728.5    	122.89 	92 	220	6  	517   	40.8341
93 	532   	2865.52    	93 	783946     	1.31062e-29	532   	33927.5    	124.932	93 	224	1  	532   	40.3854
94 	529   	1865.36    	94 	155065     	1.31062e-29	529   	12360      	128.133	94 	240	6  	529   	41.2064
95 	516   	6036.44    	95 	1.468e+06  	1.31062e-29	516   	84293.4    	130.922	95 	240	1  	516   	39.7315
96 	549   	18249.1    	96 	5.96653e+06	1.31062e-29	549   	268844     	130.353	96 	261	6  	549   	42.0636
97 	527   	816375     	97 	4.77438e+08	1.31062e-29	527   	1.948e+07  	131.463	97 	246	5  	527   	43.2802
98 	538   	1072.45    	98 	249406     	1.31062e-29	538   	11013.7    	126.302	98 	223	1  	538   	41.9308
99 	527   	135274     	99 	8.02233e+07	1.31062e-29	527   	3.27233e+06	123.417	99 	223	6  	527   	41.2511
100	524   	16853.5    	100	9.40842e+06	1.31062e-29	524   	383828     	123.877	100	242	6  	524   	40.8367
101	531   	1.0439e+06 	101	5.85808e+08	1.31062e-29	531   	2.39483e+07	123.67 	101	242	3  	531   	42.9202
102	542   	146188     	102	5.65527e+07	1.31062e-29	542   	2.44997e+06	124.708	102	226	3  	542   	40.4629
103	510   	2835.7     	103	501086     	1.31062e-29	510   	25122.8    	128.71 	103	226	6  	510   	39.5492
104	524   	1694.36    	104	211188     	1.31062e-29	524   	13120.4    	133.035	104	244	2  	524   	38.926 
105	524   	1.17453e+06	105	6.97594e+08	1.31062e-29	524   	2.84561e+07	131.508	105	237	6  	524   	39.3077
106	532   	903.369    	106	67333.6    	1.31062e-29	532   	4677.81    	129.262	106	251	3  	532   	41.3422
107	532   	4753.79    	107	1.57418e+06	1.31062e-29	532   	65591.2    	131.615	107	270	6  	532   	40.3794
108	535   	9717.9     	108	3.91284e+06	1.31062e-29	535   	164314     	127.895	108	272	7  	535   	41.8285
109	530   	46217.8    	109	2.51058e+07	1.31062e-29	530   	1.02577e+06	129.982	109	257	1  	530   	41.2325
110	534   	2129.96    	110	353035     	1.31062e-29	534   	17276.8    	130.022	110	258	3  	534   	41.5124
111	514   	1106.11    	111	67455.5    	1.31062e-29	514   	5698.58    	128.602	111	265	1  	514   	41.6618
112	537   	627.002    	112	32806.9    	1.31062e-29	537   	2683.95    	127.738	112	253	3  	537   	41.7441
113	518   	31461.9    	113	1.35459e+07	1.31062e-29	518   	565995     	127.998	113	246	1  	518   	42.2535
114	509   	7894.2     	114	3.29905e+06	1.31062e-29	509   	141673     	130.467	114	246	6  	509   	42.9747
115	529   	20979      	115	7.66707e+06	1.31062e-29	529   	335499     	130.258	115	273	6  	529   	44.5534
116	528   	1.10978e+06	116	6.58967e+08	1.31062e-29	528   	2.68806e+07	129.567	116	247	2  	528   	44.4493
117	512   	26702      	117	1.16094e+07	1.31062e-29	512   	485038     	136.012	117	249	6  	512   	43.6241
118	512   	8342.52    	118	3.29905e+06	1.31062e-29	512   	137855     	136.982	118	250	6  	512   	44.4748
119	535   	8310.93    	119	4.32036e+06	1.31062e-29	535   	176413     	135.655	119	273	1  	535   	44.3873
120	524   	6098.95    	120	1.62969e+06	1.31062e-29	524   	75751.1    	136.06 	120	243	5  	524   	42.4049
121	513   	14842.8    	121	2.90014e+06	1.31062e-29	513   	166237     	139.038	121	236	2  	513   	40.3873
122	541   	38974.8    	122	2.07757e+07	1.31062e-29	541   	850817     	141.515	122	276	1  	541   	42.506 
123	522   	2675.77    	123	646700     	1.31062e-29	522   	30359.2    	143.662	123	312	6  	522   	44.4052
124	515   	15944.8    	124	5.48226e+06	1.31062e-29	515   	237674     	143.96 	124	261	6  	515   	42.1073
125	508   	6599.35    	125	1.76888e+06	1.31062e-29	508   	80044.5    	144.885	125	278	6  	508   	42.9727
126	535   	1460.16    	126	501725     	1.31062e-29	535   	21170.5    	148.592	126	334	6  	535   	43.0076
127	526   	5.42416e+06	127	3.254e+09  	1.31062e-29	526   	1.32733e+08	151.258	127	264	5  	526   	44.6745
128	525   	4376.23    	128	1.76953e+06	1.31062e-29	525   	73379      	150.638	128	245	3  	525   	42.347 
129	514   	31234.5    	129	1.00539e+07	1.31062e-29	514   	524095     	151.002	129	243	1  	514   	44.2681
130	516   	11834      	130	5.87977e+06	1.31062e-29	516   	240673     	151.323	130	245	6  	516   	44.3594
131	513   	1751.57    	131	440383     	1.31062e-29	513   	19601.7    	152.047	131	247	1  	513   	44.8718
132	531   	7309.82    	132	2.25653e+06	1.31062e-29	531   	106597     	155.417	132	283	6  	531   	45.3705
133	525   	6391.1     	133	2.71849e+06	1.31062e-29	525   	114132     	152.81 	133	362	6  	525   	44.7884
134	506   	597270     	134	3.56833e+08	1.31062e-29	506   	1.45554e+07	149.838	134	244	6  	506   	45.4966
135	529   	10066.8    	135	3.176e+06  	1.31062e-29	529   	135552     	152.03 	135	252	3  	529   	46.6062
136	511   	2683.57    	136	762939     	1.31062e-29	511   	33979.2    	152.763	136	292	6  	511   	46.2064
137	509   	5085.84    	137	1.468e+06  	1.31062e-29	509   	67520.1    	151.955	137	263	1  	509   	48.5827
138	510   	2371.98    	138	585849     	1.31062e-29	510   	26517.3    	154.57 	138	324	1  	510   	48.2643
139	544   	6971.61    	139	2.49653e+06	1.31062e-29	544   	111847     	156.135	139	264	3  	544   	49.8757
140	532   	6717.34    	140	2.69208e+06	1.31062e-29	532   	111890     	154.893	140	273	6  	532   	51.162 
141	514   	163561     	141	8.22364e+07	1.31062e-29	514   	3.411e+06  	157.135	141	296	6  	514   	51.1992
142	540   	80736.3    	142	3.1641e+07 	1.31062e-29	540   	1.3238e+06 	161.558	142	265	4  	540   	48.6106
143	525   	29525.3    	143	1.10221e+07	1.31062e-29	525   	468139     	162.565	143	279	6  	525   	48.8673
144	520   	8480.23    	144	2.41641e+06	1.31062e-29	520   	129392     	162.125	144	289	1  	520   	48.8782
145	527   	6031.79    	145	1.38646e+06	1.31062e-29	527   	74035.4    	163.967	145	322	6  	527   	47.4267
146	538   	1.19476e+08	146	6.43562e+10	1.31062e-29	538   	2.64153e+09	159.448	146	287	6  	538   	49.5986
147	523   	833.792    	147	242522     	1.31062e-29	523   	10119.2    	158.098	147	291	1  	523   	48.45  
148	521   	43025.3    	148	2.04964e+07	1.31062e-29	521   	846319     	155.472	148	282	8  	521   	46.2997
149	504   	3.17946e+06	149	9.97326e+08	1.31062e-29	504   	5.46835e+07	152.41 	149	271	6  	504   	46.2765
150	521   	108657     	150	6.0174e+07 	1.31062e-29	521   	2.45744e+06	154.965	150	327	1  	521   	43.6368
151	525   	8.8007e+07 	151	3.42038e+10	1.31062e-29	525   	1.58691e+09	152.057	151	282	6  	525   	42.6316
152	529   	4.43087e+07	152	1.65804e+10	1.31062e-29	529   	7.57866e+08	152.407	152	283	6  	529   	44.7299
153	520   	18336      	153	5.33769e+06	1.31062e-29	520   	296704     	151.457	153	284	8  	520   	43.6568
154	528   	4.2593e+10 	154	2.55558e+13	1.31062e-29	528   	1.04244e+12	151.327	154	255	11 	528   	41.704 
155	506   	1732.57    	155	299880     	1.31062e-29	506   	14683.1    	153.27 	155	256	5  	506   	44.0615
156	522   	1.03659e+12	156	6.21937e+14	1.31062e-29	522   	2.53693e+13	153.632	156	260	3  	522   	44.8869
157	526   	7.60816e+06	157	3.90283e+09	1.31062e-29	526   	1.60557e+08	157.765	157	259	6  	526   	46.9837
158	519   	15468      	158	6.8284e+06 	1.31062e-29	519   	281505     	161.295	158	279	6  	519   	46.4339
159	532   	4.81218e+08	159	2.73521e+11	1.31062e-29	532   	1.11721e+10	161.408	159	287	1  	532   	45.3984
160	541   	476421     	160	1.05315e+08	1.31062e-29	541   	6.18905e+06	159.988	160	277	6  	541   	44.5812
161	525   	6.4048e+08 	161	1.99813e+11	1.31062e-29	525   	1.0876e+10 	160.855	161	264	6  	525   	47.3397
162	509   	2.66811e+06	162	1.59755e+09	1.31062e-29	509   	6.5165e+07 	165.047	162	323	1  	509   	46.9679
163	517   	1.80067e+11	163	1.08039e+14	1.18079e-29	517   	4.40698e+12	161.74 	163	274	4  	517   	47.0417
164	517   	1.1066e+07 	164	6.62834e+09	1.18079e-29	517   	2.70375e+08	163.005	164	282	6  	517   	44.7918
165	529   	1.00786e+10	165	5.38847e+12	1.18079e-29	529   	2.21147e+11	162.903	165	269	1  	529   	47.3274
166	517   	2.81644e+06	166	1.68868e+09	1.18079e-29	517   	6.88824e+07	164.928	166	320	3  	517   	46.5174
167	524   	4.56632e+09	167	2.10999e+12	1.18079e-29	524   	8.97765e+10	168.402	167	322	6  	524   	45.1246
168	537   	1.68384e+08	168	8.39991e+10	1.18079e-29	537   	3.48778e+09	167.225	168	324	3  	537   	44.4276
169	532   	3.09966e+11	169	1.85603e+14	1.18079e-29	532   	7.5709e+12 	166.123	169	322	6  	532   	43.7942
170	543   	2.88117e+07	170	1.32013e+10	1.18079e-29	543   	5.61112e+08	173.785	170	321	7  	543   	39.4736
171	529   	9.76615e+09	171	3.36378e+12	1.18079e-29	529   	1.68603e+11	172.327	171	301	3  	529   	40.0659
172	534   	4.66229e+09	172	2.65133e+12	1.18079e-29	534   	1.08205e+11	173.23 	172	243	6  	534   	36.1832
Complete.

The winning function is: 

mul(add(sub(mul(x, neg(mul(-1, x))), add(add(sub(mul(neg(x), mul(-1, x)), 0), neg(neg(x))), 0)), add(add(mul(sub(x, add(mul(-1, x), sub(x, -1))), neg(x)), sub(mul(mul(sub(mul(x, neg(1)), add(add(mul(0, add(sub(x, add(add(mul(-1, x), x), add(sub(x, neg(x)), mul(sub(x, 1), x)))), add(x, sub(x, 0)))), x), add(x, add(x, mul(sub(mul(mul(0, 0), mul(x, -1)), 0), neg(x)))))), mul(add(sub(add(add(x, x), add(x, x)), neg(x)), add(sub(add(add(x, 0), add(add(x, x), x)), -1), mul(sub(x, x), neg(1)))), mul(neg(x), add(neg(sub(x, x)), add(x, x))))), mul(add(add(add(x, x), mul(0, neg(-1))), x), mul(add(sub(add(add(add(mul(sub(0, mul(sub(x, x), x)), add(mul(-1, x), sub(x, -1))), sub(0, 0)), sub(mul(x, -1), neg(0))), x), -1), neg(add(-1, x))), neg(0)))), 0)), add(add(x, x), add(x, x)))), mul(x, neg(x)))


With a margin of error of 1.7801211893431201e-13 (0.00%)

Algebraic form:
((((x * -(-1 * x)) - ((((-x * (-1 * x)) - 0) + --x) + 0)) + ((((x - ((-1 * x) + (x - -1))) * -x) + (((((x * -1) - (((0 * ((x - (((-1 * x) + x) + ((x - -x) + ((x - 1) * x)))) + (x + (x - 0)))) + x) + (x + (x + ((((0 * 0) * (x * -1)) - 0) * -x))))) * (((((x + x) + (x + x)) - -x) + ((((x + 0) + ((x + x) + x)) - -1) + ((x - x) * -1))) * (-x * (-(x - x) + (x + x))))) * ((((x + x) + (0 * --1)) + x) * ((((((((0 - ((x - x) * x)) * ((-1 * x) + (x - -1))) + (0 - 0)) + ((x * -1) - -0)) + x) - -1) + -(-1 + x)) * -0))) - 0)) + ((x + x) + (x + x)))) * (x * -x))

Simplified form:
x**3*(x - 4)

Expanded form (of simplified form): x**4 - 4*x**3
